#
# This output file was generated by FBEYE version v1.3.12
# Created on Thu Sep 19 10:18:49 2019
# The column names are:
# Event_ID, Start_INDX, Stop_INDX, t_peak, t_start, t_stop, t_rise, t_decay, Flux_peak, Equiv_Dur, S/N, CPLX_flg, MLTPK_flg, MLTPK_num, t_MLTPK, L_mltpk, MLTPK_INDX, quies
# where INDX is the index in the light curve file gj1243_tess.dat
# MLTPK is multiple peak stuff, probably ignore
# CPLX_flg is the complex flag:
#    1=classical, 2=complex, 3=weird, 4=maybe
#
           1    313.0000000    317.0000000    1683.8034041885225633    1683.8020152813655841    1683.8075709104555244       0.0013889071569793       0.0041667219329611       0.0095098909424365       2.1057812182230959       1.3224225703971066      4.0000000      0.0000000      0.0000000      0.0000000      0.0000000      0.0000000   11328.8242200000004232  ;
           2    332.0000000    336.0000000    1683.8311823332728636    1683.8284045189607241    1683.8339601478178338       0.0027778143121395       0.0027778145449702       0.0043590822179975       1.0394158549526924       0.8563145810289138      4.0000000      0.0000000      0.0000000      0.0000000      0.0000000      0.0000000   11337.2109400000008463  ;
           3    618.0000000    622.0000000    1684.2339653510234712    1684.2325764443326079    1684.2381320713266177       0.0013889066908632       0.0041667203031466       0.0043958812189245       1.0213969115929984       0.6985036884700883      4.0000000      0.0000000      0.0000000      0.0000000      0.0000000      0.0000000   11377.5156200000001263  ;
           4    676.0000000    685.0000000    1684.3159108471541003    1684.3131330337737381    1684.3256331939865049       0.0027778133803622       0.0097223468324046       0.0113876989825392       4.0568265489492372       1.7210595159744217      4.0000000      0.0000000      0.0000000      0.0000000      0.0000000      0.0000000   11337.4160200000005716  ;
           5   1619.0000000   1628.0000000    1685.6242606028322371    1685.6228716968398658    1685.6353718512332307       0.0013889059923713       0.0111112484009936       0.0077672984336572       2.7327548766234604       1.3654321880735285      4.0000000      0.0000000      0.0000000      0.0000000      0.0000000      0.0000000   11342.7675799999997253  ;
           6   1655.0000000   1661.0000000    1685.6742612201710472    1685.6728723141786759    1685.6812057501301751       0.0013889059923713       0.0069445299591280       0.0062908839868317       1.8873550355924806       1.0656320812589029      4.0000000      0.0000000      0.0000000      0.0000000      0.0000000      0.0000000   11338.5898400000005495  ;
           7   1684.0000000   1691.0000000    1685.7159284006272628    1685.7131505886422929    1685.7228729305857087       0.0027778119849700       0.0069445299584459       0.0060728829257456       2.5394174146434185       1.2022270350641042      4.0000000      0.0000000      0.0000000      0.0000000      0.0000000      0.0000000   11347.6904300000005605  ;
           8   1696.0000000   1707.0000000    1685.7325952727628646    1685.7298174607790315    1685.7450954266887493       0.0027778119838331       0.0125001539258847       0.0073028134632617       3.2129031338115936       1.3283268522444462      1.0000000      0.0000000      0.0000000      0.0000000      0.0000000      0.0000000   11347.6904300000005605  ;
           9   1908.0000000   1941.0000000    1686.0284322404259001    1686.0242655226834358    1686.0700994171563707       0.0041667177424642       0.0416671767304706       0.0674975746350504      52.0235116750371347       6.8776225427040316      1.0000000      0.0000000      0.0000000      0.0000000      0.0000000      0.0000000   11371.1250000000000000  ;
          10   2477.0000000   2488.0000000    1686.8159418097870912    1686.8145529040275505    1686.8298308659800568       0.0013889057595406       0.0138890561929657       0.0198465629086039       8.4241153374085957       2.6463643444769089      1.0000000      0.0000000      0.0000000      0.0000000      0.0000000      0.0000000   11334.6298800000004121  ;
          11   3126.0000000   3130.0000000    1687.7173414700178000    1687.7159525647248302    1687.7215081861313593       0.0013889052929699       0.0041667161135592       0.0049059124426146       1.3230260067395023       0.8779338519416580      4.0000000      0.0000000      0.0000000      0.0000000      0.0000000      0.0000000   11416.1738299999997253  ;
          12   3558.0000000   3578.0000000    1688.3423488276134776    1688.3395710172596864    1688.3673491198687771       0.0027778103537912       0.0250002922552994       0.0431208490750370      15.9545498628436118       3.6631751772843320      1.0000000      0.0000000      0.0000000      0.0000000      0.0000000      0.0000000   11415.0078099999991537  ;
          13   3956.0000000   3977.0000000    1688.9048553738971350    1688.9006886589472742    1688.9298556631251813       0.0041667149498608       0.0250002892280463       0.0209482955148176      13.7079771870996279       3.2633212175268822      1.0000000      0.0000000      0.0000000      0.0000000      0.0000000      0.0000000   11428.3095699999994395  ;
          14   4407.0000000   4427.0000000    1689.5451405206868003    1689.5423627110308189    1689.5701408066552176       0.0027778096559814       0.0250002859684173       0.0202227251858564      10.9919617092781046       2.8202614651130138      1.0000000      0.0000000      0.0000000      0.0000000      0.0000000      0.0000000   11445.7666000000008353  ;
          15   4430.0000000   4458.0000000    1689.5812520450444936    1689.5743075211385076    1689.6131968546865210       0.0069445239059860       0.0319448096420274       0.0056428446135424       1.1965306256649246       0.3128413056257379      1.0000000      0.0000000      0.0000000      0.0000000      0.0000000      0.0000000   11419.4287100000001374  ;
          16   4581.0000000   4588.0000000    1689.7854210426194186    1689.7840321377916553    1689.7937544708879614       0.0013889048277633       0.0083334282685428       0.0076040263036067       2.4617890420369175       1.3192182575511950      4.0000000      0.0000000      0.0000000      0.0000000      0.0000000      0.0000000   11343.0595699999994395  ;
          17   4652.0000000   4664.0000000    1689.8840332767767904    1689.8826443719494819    1689.8993112282530547       0.0013889048273086       0.0152779514762642       0.0296519733500633      11.1586208029484659       3.0926873072058623      1.0000000      0.0000000      0.0000000      0.0000000      0.0000000      0.0000000   11342.4081999999998516  ;
          18   4731.0000000   4735.0000000    1689.9937567462970947    1689.9923678417012525    1689.9979234603138138       0.0013889045958422       0.0041667140167192       0.0118635243144348       2.4562899600180272       1.4453810500084456      4.0000000      0.0000000      0.0000000      0.0000000      0.0000000      0.0000000   11408.0312500000000000  ;
          19   4940.0000000   4961.0000000    1690.2840378138571396    1690.2826489092626616    1690.3118159057562480       0.0013889045944779       0.0277780918991084       0.0215624156244863      13.3539368272580408       3.1970007702606176      1.0000000      0.0000000      0.0000000      0.0000000      0.0000000      0.0000000   11336.9931599999999889  ;
          20   5338.0000000   5353.0000000    1690.8368218188957144    1690.8354329142998722    1690.8562664815954122       0.0013889045958422       0.0194446626996978       0.0195344122268378      14.1091430414252361       3.4465051756209837      1.0000000      0.0000000      0.0000000      0.0000000      0.0000000      0.0000000   11343.0175799999997253  ;
          21   6290.0000000   6304.0000000    1692.1743367438266432    1692.1729478394643138    1692.1923925003022759       0.0013889043623294       0.0180557564756327       0.0151162660123153       5.3970774909856898       1.9363722664345737      1.0000000      0.0000000      0.0000000      0.0000000      0.0000000      0.0000000   11322.7275399999998626  ;
          22   6982.0000000   6989.0000000    1693.1618477497167987    1693.1590699407593092    1693.1687922719925155       0.0027778089574895       0.0069445222757167       0.0069823794648680       2.2979737550822970       1.1897973382068086      4.0000000      0.0000000      0.0000000      0.0000000      0.0000000      0.0000000   11371.4833999999991647  ;
          23   7013.0000000   7017.0000000    1693.2035148831419065    1693.2021259787788949    1693.2076815964601337       0.0013889043630115       0.0041667133182273       0.0095609835704956       2.1260190490013344       1.3601860443333693      4.0000000      0.0000000      0.0000000      0.0000000      0.0000000      0.0000000   11347.2041000000008353  ;
          26   8981.0000000   8985.0000000    1695.9382699214238528    1695.9368810135697458    1695.9424366442895007       0.0013889078541069       0.0041667228656479       0.0033075091864505       0.8094872752591411       0.6871223042525344      4.0000000      0.0000000      0.0000000      0.0000000      0.0000000      0.0000000   11394.2304700000004232  ;
          27   9594.0000000   9610.0000000    1697.7507858925528126    1697.7466192090350887    1697.7743970988381079       0.0041666835177239       0.0236112062852953       0.0054214596388420       7.6184570756192898       2.2866582262342026      1.0000000      0.0000000      0.0000000      0.0000000      0.0000000      0.0000000   11416.6552699999992910  ;
          28   9809.0000000   9835.0000000    1698.0605093056874466    1698.0591204115689834    1698.0966205490185530       0.0013888941184632       0.0361112433311064       0.1118687644011023      56.6145923983089645       7.2349512647480800      1.0000000      0.0000000      0.0000000      0.0000000      0.0000000      0.0000000   11333.7763699999995879  ;
          29  10797.0000000  10804.0000000    1699.4355138120131414    1699.4341249190601957    1699.4438471704324911       0.0013888929529458       0.0083333584193497       0.0179593576872417       4.4887364614140548       1.8959488718974926      4.0000000      0.0000000      0.0000000      0.0000000      0.0000000      0.0000000   11361.5908199999994395  ;
          31  11449.0000000  11453.0000000    1700.3410719529297239    1700.3396830604419847    1700.3452386310905240       0.0013888924877392       0.0041666781608001       0.0078086943850990       1.9678969292289352       1.2310346244991155      4.0000000      0.0000000      0.0000000      0.0000000      0.0000000      0.0000000   11330.5078099999991537  ;
          32  11465.0000000  11469.0000000    1700.3646831282485437    1700.3619053430393251    1700.3674609136896834       0.0027777852092186       0.0027777854411397       0.0035445914434602       0.7096734978670999       0.5820064049938628      4.0000000      0.0000000      0.0000000      0.0000000      0.0000000      0.0000000   11330.9091800000005605  ;
          33  11669.0000000  11673.0000000    1700.6480172192711962    1700.6452394340631145    1700.6507950042478114       0.0027777852080817       0.0027777849766153       0.0049624594424453       1.5054346350781302       0.9914879125668934      4.0000000      0.0000000      0.0000000      0.0000000      0.0000000      0.0000000   11365.8037100000001374  ;
          34  11722.0000000  11733.0000000    1700.7216285234521820    1700.7188507384767036    1700.7341285560751203       0.0027777849754784       0.0125000326229383       0.0057374322221562       5.2410485687609096       1.7331986572023006      1.0000000      0.0000000      0.0000000      0.0000000      0.0000000      0.0000000   11442.6298800000004121  ;
          35  11745.0000000  11752.0000000    1700.7521841586485607    1700.7507952661612762    1700.7605175135754507       0.0013888924872845       0.0083333549268900       0.0140402894687738       4.3700646873679592       1.8303805654309282      4.0000000      0.0000000      0.0000000      0.0000000      0.0000000      0.0000000   11445.3456999999998516  ;
          38  12590.0000000  12594.0000000    1701.9424648383737804    1701.9410759463507929    1701.9466315146719353       0.0013888920229874       0.0041666762981549       0.0051474608519086       1.0774083483890236       0.7990862580697528      4.0000000      0.0000000      0.0000000      0.0000000      0.0000000      0.0000000   11439.1601599999994505  ;
          40  13729.0000000  13742.0000000    1703.5313570092403097    1703.5285792261283859    1703.5466348154304796       0.0027777831119238       0.0152778061901699       0.0248366281649616      12.8700198999299129       3.3113623104497800      1.0000000      0.0000000      0.0000000      0.0000000      0.0000000      0.0000000   11336.9414099999994505  ;
          41  14247.0000000  14251.0000000    1704.2494138452161678    1704.2480249541254125    1704.2535805189545499       0.0013888910907554       0.0041666737383821       0.0048705586649468       1.3530201135367717       1.0076470074237811      4.0000000      0.0000000      0.0000000      0.0000000      0.0000000      0.0000000   11435.4179700000004232  ;
          42  14319.0000000  14323.0000000    1704.3494140146979134    1704.3480251236078402    1704.3535806884365229       0.0013888910900732       0.0041666737386095       0.0068349974823301       1.7895555435665187       1.1665520120520816      4.0000000      0.0000000      0.0000000      0.0000000      0.0000000      0.0000000   11445.8593799999998737  ;
          43  14508.0000000  14551.0000000    1704.6188589056409910    1704.6105255588636282    1704.6702478780957790       0.0083333467773627       0.0513889724547880       0.0155120707807611      39.9712496013964298       5.8053940783317355      1.0000000      0.0000000      0.0000000      0.0000000      0.0000000      0.0000000   11343.3623000000006869  ;
          44  15519.0000000  15523.0000000    1706.0299721640376447    1706.0285832731792652    1706.0341388366105093       0.0013888908583795       0.0041666725728646       0.0068748982132208       1.8579872739797005       1.2012001005514577      4.0000000      0.0000000      0.0000000      0.0000000      0.0000000      0.0000000   11428.7763699999995879  ;
          47  16166.0000000  16175.0000000    1706.9369179040845665    1706.9355290132261871    1706.9480290311803401       0.0013888908583795       0.0111111270957736       0.0093616676264535       4.1123604353780010       1.7237632794512923      4.0000000      0.0000000      0.0000000      0.0000000      0.0000000      0.0000000   11328.7919899999997142  ;
          48  17033.0000000  17060.0000000    1708.1452531025784083    1708.1396975372840643    1708.1771976023242132       0.0055555652943440       0.0319444997458049       0.0108234498518320      12.0629471646957871       3.0029750840316476      1.0000000      0.0000000      0.0000000      0.0000000      0.0000000      0.0000000   11322.6210900000005495  ;
          50  17320.0000000  17324.0000000    1708.5396982666707117    1708.5383093751142951    1708.5438649413399617       0.0013888915564166       0.0041666746692499       0.0081605119626719       1.9142731640203057       1.2114407826965357      4.0000000      0.0000000      0.0000000      0.0000000      0.0000000      0.0000000   11401.1543000000001484  ;
          51  17798.0000000  17807.0000000    1709.2049775159457567    1709.2021997312026542    1709.2146997628951794       0.0027777847431025       0.0097222469494227       0.0101906430505576       4.7550807459239000       1.9089844897164738      4.0000000      0.0000000      0.0000000      0.0000000      0.0000000      0.0000000   11347.7626999999993131  ;
          53   7318.0000000   7346.0000000    1693.6368530934832961    1693.6257418567233799    1693.6646311856152352       0.0111112367599162       0.0277780921319390       0.0098019500918977       5.4722235224503457       1.6517229519938239      2.0000000      0.0000000      0.0000000      0.0000000      0.0000000      0.0000000   11412.1181599999999889  ;
          54  11858.0000000  11874.0000000    1700.9174623630653969    1700.9077401158842804    1700.9299623949905254       0.0097222471811165       0.0125000319251285       0.0122333163043698       4.6097339423355077       1.7787309957184492      1.0000000      0.0000000      0.0000000      0.0000000      0.0000000      0.0000000   11326.0429700000004232  ;
          55  11567.0000000  11584.0000000    1700.5160724247834878    1700.5035723914616028    1700.5271835656162693       0.0125000333218850       0.0111111408327815       0.0067294199332636       1.7889320310840688       0.8635836222659721      1.0000000      0.0000000      0.0000000      0.0000000      0.0000000      0.0000000   11331.1201199999995879  ;
          56  12821.0000000  12837.0000000    1702.2660766713797784    1702.2632988875679985    1702.2855211582932498       0.0027777838117800       0.0194444869134713       0.0061150991162640       3.6086082409799651       1.4287819605507852      1.0000000      0.0000000      0.0000000      0.0000000      0.0000000      0.0000000   11327.9062500000000000  ;
          57  15792.0000000  15842.0000000    1706.4230282817375155    1706.4146949365899673    1706.4841394799555019       0.0083333451475482       0.0611111982179864       0.0168632654236141      15.7362914013854045       3.1900682385063228      2.0000000      0.0000000      0.0000000      0.0000000      0.0000000      0.0000000   11330.7333999999991647  ;
          58  18488.0000000  18495.0000000    1710.1660917403389703    1710.1605361631700362    1710.1702584231579749       0.0055555771689342       0.0041666828190046       0.0117663065068850       1.9106085867277711       1.1520109103480898      4.0000000      0.0000000      0.0000000      0.0000000      0.0000000      0.0000000   11402.1035200000005716  ;
          59  11087.0000000  11111.0000000    1699.8438483417212410    1699.8369038774198998    1699.8702373062078550       0.0069444643013412       0.0263889644866140       0.1569734307884492      58.0533899469834935       7.3614544345006596      1.0000000      0.0000000      0.0000000      0.0000000      0.0000000      0.0000000   11328.3652299999994284  ;
          60  12312.0000000  12361.0000000    1701.5521861522170184    1701.5396861223882752    1701.6077418396216672       0.0125000298287432       0.0555556874046488       0.0188076038734659      30.3439015041571203       4.8705473688058918      1.0000000      0.0000000      0.0000000      0.0000000      0.0000000      0.0000000   11334.3291000000008353  ;
          61  13645.0000000  13663.0000000    1703.4244123638168276    1703.4119123402738296    1703.4369123875912919       0.0125000235429980       0.0125000237744644       0.0080131811870223       5.1950733407741509       1.8583934822892074      1.0000000      0.0000000      0.0000000      0.0000000      0.0000000      0.0000000   11331.2158199999994395  ;
          62  17847.0000000  17862.0000000    1709.2758110325908092    1709.2702554624074764    1709.2910888506557967       0.0055555701833327       0.0152778180649875       0.0214033851501682       7.4885333579439477       2.3841786879435847      1.0000000      0.0000000      0.0000000      0.0000000      0.0000000      0.0000000   11321.4882799999995768  ;
          63    745.0000000    751.0000000    1684.4131343124549858    1684.4089675926175005    1684.4173010322942901       0.0041667198374853       0.0041667198393043       0.0068976100823001       1.6627849018101537       1.0658470097633597      4.0000000      0.0000000      0.0000000      0.0000000      0.0000000      0.0000000   11341.5927699999992910  ;
          64   1402.0000000   1416.0000000    1685.3339792286362808    1685.3214790733109112    1685.3409237595269587       0.0125001553253696       0.0069445308906779       0.0041628046490201       2.3331378483188581       1.1156720471580182      1.0000000      0.0000000      0.0000000      0.0000000      0.0000000      0.0000000   11353.5577365071821987  ;
          65   2460.0000000   2468.0000000    1686.7964971307883388    1686.7909415082187934    1686.8020527533594759       0.0055556225695454       0.0055556225711371       0.0038839975495045       0.9671213610194711       0.7221671877550024      4.0000000      0.0000000      0.0000000      0.0000000      0.0000000      0.0000000   11324.0205100000002858  ;
          66   2676.0000000   2684.0000000    1687.0978896439560231    1687.0909451163252015    1687.1020563605354710       0.0069445276308215       0.0041667165794479       0.0055545254682593       1.7671320920493541       1.0303669870698322      4.0000000      0.0000000      0.0000000      0.0000000      0.0000000      0.0000000   11405.3349600000001374  ;
          67   8250.0000000   8258.0000000    1694.9243680723334364    1694.9202013552876451    1694.9313126008951258       0.0041667170457913       0.0069445285616894       0.0096618838773840       1.7182092763666617       0.9915799525736595      4.0000000      0.0000000      0.0000000      0.0000000      0.0000000      0.0000000   11388.3798800000004121  ;
          68   8317.0000000   8326.0000000    1695.0174247593570271    1695.0132580418471662    1695.0271471003698025       0.0041667175098610       0.0097223410127754       0.0104602196434899       3.5113676522165180       1.5999910241895356      4.0000000      0.0000000      0.0000000      0.0000000      0.0000000      0.0000000   11330.4609400000008463  ;
          69   9316.0000000   9320.0000000    1697.3591174896910161    1697.3563396981971891    1697.3618952811866620       0.0027777914938270       0.0027777914956459       0.0065094366153381       1.3867880125505361       1.0385817024327215      4.0000000      0.0000000      0.0000000      0.0000000      0.0000000      0.0000000   11353.5585900000005495  ;
          70  11483.0000000  11501.0000000    1700.3966276594255760    1700.3869054108467935    1700.4119054784214313       0.0097222485787825       0.0152778189958553       0.0059067549504744       2.2973337837103487       0.9525508745066115      1.0000000      0.0000000      0.0000000      0.0000000      0.0000000      0.0000000   11332.0966800000005605  ;
          71  14024.0000000  14028.0000000    1703.9410799762581519    1703.9383021936100704    1703.9438577589048691       0.0027777826480815       0.0027777826467172       0.0055827360653760       1.2739224155318343       0.9564341839517660      4.0000000      0.0000000      0.0000000      0.0000000      0.0000000      0.0000000   11321.2597700000005716  ;
#
# This output file was generated by FBEYE version v1.3.12
# Created on Wed Oct  9 15:24:26 2019
# The column names are:
# Event_ID, Start_INDX, Stop_INDX, t_peak, t_start, t_stop, t_rise, t_decay, Flux_peak, Equiv_Dur, S/N, CPLX_flg, MLTPK_flg, MLTPK_num, t_MLTPK, L_mltpk, MLTPK_INDX, quies
# where INDX is the index in the light curve file gj1243_tess15.dat
# MLTPK is multiple peak stuff, probably ignore
# CPLX_flg is the complex flag:
#    1=classical, 2=complex, 3=weird, 4=maybe
#
           1    235.0000000    241.0000000    1711.6966450683974017    1711.6952561875639276    1711.7035894732637189       0.0013888808334741       0.0069444048663172       0.0056581857501618       2.4252345465058798       1.3386716939161247      4.0000000      0.0000000      0.0000000      0.0000000      0.0000000      0.0000000   10882.0947300000007090  ;
           3   1285.0000000   1289.0000000    1713.1619135543376160    1713.1605246746678404    1713.1660801931129754       0.0013888796697756       0.0041666387753594       0.0091205187614840       2.0356207205920205       1.2855728861124902      4.0000000      0.0000000      0.0000000      0.0000000      0.0000000      0.0000000   11010.5048800000004121  ;
           5   1727.0000000   1760.0000000    1713.7785760373253652    1713.7744093992464514    1713.8202424174023690       0.0041666380789138       0.0416663800770039       0.0502240528768073      39.7370999579940118       5.9431085156669354      1.0000000      0.0000000      0.0000000      0.0000000      0.0000000      0.0000000   10989.7041000000008353  ;
           7   2794.0000000   2857.0000000    1715.2716210517019135    1715.2688432939926315    1715.3563426591642838       0.0027777577092820       0.0847216074623702       0.0932697724005822      74.0589233487043117       7.9890532978750839      1.0000000      0.0000000      0.0000000      0.0000000      0.0000000      0.0000000   10901.5175799999997253  ;
          10   4307.0000000   4343.0000000    1717.3993828762829708    1717.3868829729922254    1717.4368825861527057       0.0124999032907454       0.0374997098697349       0.0100882461884898      20.8628003328204912       3.4509663819002738      2.0000000      0.0000000      0.0000000      0.0000000      0.0000000      0.0000000   10996.8896499999991647  ;
          11   4373.0000000   4389.0000000    1717.4827155644950381    1717.4785489301420967    1717.5007709799444910       0.0041666343529414       0.0180554154494530       0.0208397788078434      14.9558882704709202       3.5600179893527946      1.0000000      0.0000000      0.0000000      0.0000000      0.0000000      0.0000000   10941.2597700000005716  ;
          12   4431.0000000   4435.0000000    1717.5604927389179011    1717.5591038606451093    1717.5646593730366476       0.0013888782727918       0.0041666341187465       0.0062340342959276       1.8146040289458565       1.1543928035781310      4.0000000      0.0000000      0.0000000      0.0000000      0.0000000      0.0000000   10879.3232399999997142  ;
          13   6097.0000000   6108.0000000    1719.8743632583386898    1719.8729743805322414    1719.8882520354770804       0.0013888778064484       0.0138887771383907       0.0555176917803598      16.5040802039347483       3.8958579425688833      1.0000000      0.0000000      0.0000000      0.0000000      0.0000000      0.0000000   10918.1748000000006869  ;
          15   6497.0000000   6507.0000000    1720.4563030278247879    1720.4535252724440397    1720.4674140500487738       0.0027777553807482       0.0111110222239859       0.0130773733552030       5.5516158648132539       2.0937417529977642      4.0000000      0.0000000      0.0000000      0.0000000      0.0000000      0.0000000   10915.5937500000000000  ;
          16   6752.0000000   6761.0000000    1720.8118557403747673    1720.8090779847609610    1720.8215778850242259       0.0027777556138062       0.0097221446494586       0.0109887546142692       5.0164056672010275       1.9563610095769508      4.0000000      0.0000000      0.0000000      0.0000000      0.0000000      0.0000000   10973.8007799999995768  ;
          17   7767.0000000   7777.0000000    1722.2285114313931444    1722.2257336741488416    1722.2396224603685368       0.0027777572443028       0.0111110289753924       0.0083841646254922       6.1688340735451925       2.0267805073036667      4.0000000      0.0000000      0.0000000      0.0000000      0.0000000      0.0000000   10926.9521499999991647  ;
          18   8218.0000000   8225.0000000    1722.8535069879965249    1722.8521181085595799    1722.8618402648501160       0.0013888794369450       0.0083332768535911       0.0081375594840802       2.8265831823971634       1.4001843482182084      4.0000000      0.0000000      0.0000000      0.0000000      0.0000000      0.0000000   10909.9384800000007090  ;
          22   9489.0000000   9498.0000000    1725.7340339640038565    1725.7284784949174536    1725.7409783001858159       0.0055554690864028       0.0069443361819594       0.0080598910555860       5.1023710409649841       1.9585293688763099      4.0000000      0.0000000      0.0000000      0.0000000      0.0000000      0.0000000   10954.9843799999998737  ;
          23   9559.0000000   9565.0000000    1725.8312546687013764    1725.8284769345068526    1725.8368101375535844       0.0027777341945239       0.0055554688522079       0.0183330382874395       4.7439309294841134       2.0113626339403452      4.0000000      0.0000000      0.0000000      0.0000000      0.0000000      0.0000000   10884.7949200000002747  ;
          27  10586.0000000  10595.0000000    1727.2798426356007440    1727.2770649028052503    1727.2895647001573707       0.0027777327954936       0.0097220645566267       0.0070709021738415       3.7060595720417493       1.5883095552992321      4.0000000      0.0000000      0.0000000      0.0000000      0.0000000      0.0000000   10941.2626999999993131  ;
          30  10970.0000000  10974.0000000    1727.8117784212470269    1727.8103895550821107    1727.8159450197440492       0.0013888661649162       0.0041665984970223       0.0051736014003429       0.9166751214440531       0.7666547952929756      4.0000000      0.0000000      0.0000000      0.0000000      0.0000000      0.0000000   10899.1191400000006979  ;
          32  11504.0000000  11508.0000000    1728.5575995018623416    1728.5562106359295740    1728.5617660998930205       0.0013888659327677       0.0041665980306789       0.0068855647160387       1.3858757173203238       0.9339618306554278      4.0000000      0.0000000      0.0000000      0.0000000      0.0000000      0.0000000   11013.5380900000000111  ;
          33  11594.0000000  11604.0000000    1728.6825974360408509    1728.6812085701080832    1728.6950972294348503       0.0013888659327677       0.0124997933939994       0.0188206711188208       6.8376092314585639       2.4472108418673999      4.0000000      0.0000000      0.0000000      0.0000000      0.0000000      0.0000000   10980.2636700000002747  ;
          34  11892.0000000  11898.0000000    1729.1034237889796259    1729.1020349232796889    1729.1103681179440628       0.0013888656999370       0.0069443289644369       0.0043857586811265       1.2419178965456159       0.8531539474229451      4.0000000      0.0000000      0.0000000      0.0000000      0.0000000      0.0000000   10956.2412100000001374  ;
          35  12317.0000000  12328.0000000    1729.7173024269411599    1729.7145246957732070    1729.7298022173083609       0.0027777311679529       0.0124997903672011       0.0245287134752902       9.4519885909256924       2.8522390464334602      1.0000000      0.0000000      0.0000000      0.0000000      0.0000000      0.0000000   10998.6367200000004232  ;
          36  12806.0000000  12826.0000000    1730.3992353933967934    1730.3936799317609712    1730.4214572399384906       0.0055554616358222       0.0222218465416972       0.0066727531696472      10.3211929260563693       2.8454829944968663      1.0000000      0.0000000      0.0000000      0.0000000      0.0000000      0.0000000   11011.4404300000005605  ;
          37  13343.0000000  13359.0000000    1731.1436672080835706    1731.1395006123814255    1731.1617224561298372       0.0041665957021451       0.0180552480462666       0.0182851940745699      11.0403011176595882       2.9339397859222593      1.0000000      0.0000000      0.0000000      0.0000000      0.0000000      0.0000000   10907.0830100000002858  ;
          39  13756.0000000  13763.0000000    1731.7144907958479507    1731.7131019308469604    1731.7228239865553405       0.0013888650009903       0.0083331907073898       0.0222765269270624       6.3932713160109840       2.3176227595895025      4.0000000      0.0000000      0.0000000      0.0000000      0.0000000      0.0000000   10922.5322300000007090  ;
          40  14333.0000000  14337.0000000    1732.5158659338057987    1732.5144770688043536    1732.5200325288103613       0.0013888650014451       0.0041665950045626       0.0060865984924014       1.6998588571903199       1.1332988667971200      4.0000000      0.0000000      0.0000000      0.0000000      0.0000000      0.0000000   10884.7441400000006979  ;
          41  15110.0000000  15114.0000000    1733.6047360758418563    1733.6033472108395017    1733.6089026708471010       0.0013888650023546       0.0041665950052447       0.0049895191565984       1.3098743596782028       0.9617303062873761      4.0000000      0.0000000      0.0000000      0.0000000      0.0000000      0.0000000   10907.3281200000001263  ;
          42  15254.0000000  15262.0000000    1733.8061214994211241    1733.8047326344203611    1733.8172324194324574       0.0013888650007630       0.0111109200113333       0.0070340034513247       3.0729821526712144       1.4338831767925548      4.0000000      0.0000000      0.0000000      0.0000000      0.0000000      0.0000000   10921.0966800000005605  ;
          43  16017.0000000  16026.0000000    1734.8713810470344470    1734.8699921815673406    1734.8824919693740867       0.0013888654671064       0.0111109223396397       0.0448469893086844      11.8269584211630452       3.2293549622755999      4.0000000      0.0000000      0.0000000      0.0000000      0.0000000      0.0000000   10881.5849600000001374  ;
          44  16120.0000000  16133.0000000    1735.0158230423423902    1735.0130453116416902    1735.0311005615499198       0.0027777307007000       0.0152775192075296       0.0137651578897849       8.2665424997071177       2.5750355927513122      1.0000000      0.0000000      0.0000000      0.0000000      0.0000000      0.0000000   10966.4980500000001484  ;
          45  16396.0000000  16403.0000000    1735.3977610539484431    1735.3963721884811093    1735.4060942479154619       0.0013888654673337       0.0083331939670188       0.0204337002101497       5.2700599924595490       1.9652228233710467      4.0000000      0.0000000      0.0000000      0.0000000      0.0000000      0.0000000   10900.5517600000002858  ;
          46  16409.0000000  16413.0000000    1735.4172051730490693    1735.4144274416496501    1735.4199829042154306       0.0027777313994193       0.0027777311663613       0.0044445879174905       1.0343279987138070       0.7075440640632045      4.0000000      0.0000000      0.0000000      0.0000000      0.0000000      0.0000000   10905.3349600000001374  ;
          47  16582.0000000  16589.0000000    1735.6574789475218950    1735.6547012158896450    1735.6644232769531300       0.0027777316322499       0.0069443294312350       0.0135163745555988       5.3188411485049105       2.0912585421763707      4.0000000      0.0000000      0.0000000      0.0000000      0.0000000      0.0000000   10998.5107399999997142  ;
          48    576.0000000    589.0000000    1712.1785866166762844    1712.1744199760375977    1712.1924754187289182       0.0041666406386867       0.0138888020526338       0.0124413065656259       4.9833164475840874       1.9485403223067184      1.0000000      0.0000000      0.0000000      0.0000000      0.0000000      0.0000000   10902.4716800000005605  ;
          49   1077.0000000   1085.0000000    1712.8771932250851933    1712.8716377061743970    1712.8827487439973538       0.0055555189107963       0.0055555189121606       0.0063779649878556       0.2687223019415735       0.2018176530940524      4.0000000      0.0000000      0.0000000      0.0000000      0.0000000      0.0000000   10885.5185500000006869  ;
          50   1662.0000000   1669.0000000    1713.6869099991511121    1713.6841322405098254    1713.6938543961025516       0.0027777586412867       0.0069443969514396       0.0120754865096727       3.5993840281815643       1.6430534583602747      4.0000000      0.0000000      0.0000000      0.0000000      0.0000000      0.0000000   10955.2783199999994395  ;
          53   3638.0000000   3653.0000000    1716.4646677903810996    1716.4563345198155275    1716.4771676962322999       0.0083332705655721       0.0124999058512003       0.0110676627235257       4.0475245763603205       1.5725852874758757      1.0000000      0.0000000      0.0000000      0.0000000      0.0000000      0.0000000   10886.2460900000005495  ;
          54   3828.0000000   3874.0000000    1716.7299435621175689    1716.7202214137439569    1716.7841098173141745       0.0097221483736121       0.0541662551966056       0.0204327399607338      26.4209480146728062       4.5082349261860930      2.0000000      0.0000000      0.0000000      0.0000000      0.0000000      0.0000000   10922.5584677539573022  ;
          55   6033.0000000   6038.0000000    1719.7868639618500310    1719.7840862064692828    1719.7910305950381371       0.0027777553807482       0.0041666331881061       0.0051767433854220       1.0731485746567981       0.7357057143210800      4.0000000      0.0000000      0.0000000      0.0000000      0.0000000      0.0000000   10981.9052699999992910  ;
          56   7789.0000000   7794.0000000    1722.2576778828042734    1722.2562890040658203    1722.2632333975248002       0.0013888787384531       0.0055555147205268       0.0141583686672195       2.4583771688760572       1.3603563259557168      4.0000000      0.0000000      0.0000000      0.0000000      0.0000000      0.0000000   10914.8955100000002858  ;
          57   7933.0000000   7938.0000000    1722.4590653042916983    1722.4562875465830984    1722.4632319409740830       0.0027777577085999       0.0041666366823847       0.0090758750003651       2.8722729521168100       1.5709545899351094      4.0000000      0.0000000      0.0000000      0.0000000      0.0000000      0.0000000   10885.1455100000002858  ;
          58   8623.0000000   8653.0000000    1723.4326699643979737    1723.4146145163508663    1723.4562809357796596       0.0180554480471073       0.0236109713816859       0.0141228389608408      16.1297652181926487       3.5157448395345305      2.0000000      0.0000000      0.0000000      0.0000000      0.0000000      0.0000000   10921.9873000000006869  ;
          59   9302.0000000   9325.0000000    1725.4757046204229027    1725.4562604731518149    1725.4909821643104806       0.0194441472710878       0.0152775438875778       0.0062712659932564      11.1118899122990680       2.8073688602147810      2.0000000      0.0000000      0.0000000      0.0000000      0.0000000      0.0000000   10914.2719507024175982  ;
          60   9350.0000000   9373.0000000    1725.5326481914182750    1725.5270927214019139    1725.5590366744083894       0.0055554700163611       0.0263884829901144       0.0155731843801857      14.2698622709155991       3.2675553090240750      1.0000000      0.0000000      0.0000000      0.0000000      0.0000000      0.0000000   10919.7961534919304540  ;
          61  10095.0000000  10114.0000000    1726.5951314485798775    1726.5895759820539297    1726.6159644482802378       0.0055554665259478       0.0208329997003602       0.0089725756661777       5.7684802958083630       1.9662067174313567      1.0000000      0.0000000      0.0000000      0.0000000      0.0000000      0.0000000   10921.5468111456630140  ;
          62  10269.0000000  10284.0000000    1726.8437385688137056    1726.8326276364623482    1726.8548495011648356       0.0111109323513574       0.0111109323511300       0.0239107309577489       8.7747750004618066       2.5752155360992681      1.0000000      0.0000000      0.0000000      0.0000000      0.0000000      0.0000000   10924.6494844054504938  ;
          63  10458.0000000  10467.0000000    1727.1034566020759939    1727.0992900026469670    1727.1117898006982614       0.0041665994290270       0.0083331986222674       0.0152445258118089       3.6991033618845068       1.6200978545749092      4.0000000      0.0000000      0.0000000      0.0000000      0.0000000      0.0000000   10922.6344848997941881  ;
          64  10610.0000000  10618.0000000    1727.3159531610278918    1727.3103976956674614    1727.3215086266225171       0.0055554653604304       0.0055554655946253       0.0117947066645694       2.2899451258985706       1.1976047097106466      4.0000000      0.0000000      0.0000000      0.0000000      0.0000000      0.0000000   10930.5931370920097834  ;
          65  10703.0000000  10708.0000000    1727.4437288640922361    1727.4395622651297799    1727.4465065968886393       0.0041665989624562       0.0027777327964031       0.0101805424911816       1.3345818627759520       0.8920718893771634      4.0000000      0.0000000      0.0000000      0.0000000      0.0000000      0.0000000   10928.3316520317112008  ;
          66  10749.0000000  10772.0000000    1727.5103944467903148    1727.5034501152647408    1727.5353940398654231       0.0069443315255739       0.0249995930751084       0.0159148627162338      11.9592545272238873       3.0071697984451999      1.0000000      0.0000000      0.0000000      0.0000000      0.0000000      0.0000000   10912.6609408551430533  ;
          67  10883.0000000  10898.0000000    1727.7076134555711633    1727.6895581947205756    1727.7103911881351905       0.0180552608505877       0.0027777325640272       0.0032557159651028       3.5119313729539847       1.5187747605018140      1.0000000      0.0000000      0.0000000      0.0000000      0.0000000      0.0000000   10884.2753900000006979  ;
          68  11266.0000000  11271.0000000    1728.2270493926425843    1728.2228827943783926    1728.2312159906739453       0.0041665982641916       0.0041665980313610       0.0065661457455723       1.6153519778806138       1.0281986606314817      4.0000000      0.0000000      0.0000000      0.0000000      0.0000000      0.0000000   10880.2343799999998737  ;
          69  12260.0000000  12266.0000000    1729.6395259524031189    1729.6339704898357468    1729.6423036835687981       0.0055554625673722       0.0027777311656791       0.0041903000110508       0.2043852398118771       0.1856528281777696      4.0000000      0.0000000      0.0000000      0.0000000      0.0000000      0.0000000   10916.7675799999997253  ;
          70  12747.0000000  12765.0000000    1730.3200700638681155    1730.3117368712994448    1730.3367364490084128       0.0083331925686707       0.0166663851402973       0.0083110340191648       3.7317757082644878       1.4650303463335907      1.0000000      0.0000000      0.0000000      0.0000000      0.0000000      0.0000000   10988.3281200000001263  ;
          71  12707.0000000  12716.0000000    1730.2617377149492768    1730.2561822530813060    1730.2686820422843539       0.0055554618679707       0.0069443273350771       0.0049020997467859       2.2500398784987570       1.1853975141879423      4.0000000      0.0000000      0.0000000      0.0000000      0.0000000      0.0000000   10927.6708999999991647  ;
          72  13367.0000000  13370.0000000    1731.1742222432374092    1731.1728333780038156    1731.1769999737061880       0.0013888652335936       0.0027777304687788       0.0068485372511487       1.0855946887238084       0.8667364549710287      4.0000000      0.0000000      0.0000000      0.0000000      0.0000000      0.0000000   10912.5830100000002858  ;
          73  13682.0000000  13707.0000000    1731.6172702369001399    1731.6103259111955595    1731.6450475394913155       0.0069443257045805       0.0277773025911756       0.2229484002520093      73.4284706503169957       8.3635868248345115      1.0000000      0.0000000      0.0000000      0.0000000      0.0000000      0.0000000   10993.7324200000002747  ;
          74  14736.0000000  14754.0000000    1733.0811339819395016    1733.0741896569331857    1733.0991892264930812       0.0069443250063159       0.0180552445535795       0.0072732127745977       6.2902996100506865       2.0810211739845639      1.0000000      0.0000000      0.0000000      0.0000000      0.0000000      0.0000000   10891.6455100000002858  ;
          75   1930.0000000   1940.0000000    1714.0605185343622452    1714.0563518967503569    1714.0702406892557974       0.0041666376118883       0.0097221548935522       0.0095827317155225       3.2158245678782711       1.4852899925405214      4.0000000      0.0000000      0.0000000      0.0000000      0.0000000      0.0000000   10890.6259800000007090  ;
          76   3777.0000000   3786.0000000    1716.6563330092412798    1716.6493886174134786    1716.6618885227983355       0.0069443918278012       0.0055555135570557       0.0039199034950522       0.8574977594604780       0.5994521930679501      4.0000000      0.0000000      0.0000000      0.0000000      0.0000000      0.0000000   10922.1836296132969437  ;
          77   6217.0000000   6229.0000000    1720.0646395062628926    1720.0549173623110164    1720.0715838948310648       0.0097221439518762       0.0069443885681721       0.0066670142809154       3.8682542396979804       1.5984717261690451      1.0000000      0.0000000      0.0000000      0.0000000      0.0000000      0.0000000   10898.7226599999994505  ;
          78   6770.0000000   6781.0000000    1720.8410221745564286    1720.8340777855205488    1720.8493554416309053       0.0069443890358798       0.0083332670744767       0.0066860010005968       3.4924223026285022       1.3634888173296544      1.0000000      0.0000000      0.0000000      0.0000000      0.0000000      0.0000000   10931.4468367964782374  ;
          79   7275.0000000   7291.0000000    1721.5493499257675012    1721.5410166572958133    1721.5632387068640128       0.0083332684716879       0.0138887810965116       0.0069005110699764       3.2244496301658216       1.3022145037677764      1.0000000      0.0000000      0.0000000      0.0000000      0.0000000      0.0000000   10921.8561871271012933  ;
          80  11081.0000000  11090.0000000    1727.9701091641211406    1727.9645536996920328    1727.9770534949495868       0.0055554644291078       0.0069443308284463       0.0043503369069273       2.0972580088031818       1.1235664828842662      4.0000000      0.0000000      0.0000000      0.0000000      0.0000000      0.0000000   11005.7626999999993131  ;
          81  11318.0000000  11322.0000000    1728.2992704269645401    1728.2964926948668563    1728.3020481590635882       0.0027777320976838       0.0027777320990481       0.0059104452035797       0.1257748996242304       0.1500774937231387      4.0000000      0.0000000      0.0000000      0.0000000      0.0000000      0.0000000   10900.1005900000000111  ;
          82  11986.0000000  11993.0000000    1729.2436992314212603    1729.2436992314212603    1729.2548101574855082       0.0000000000000000       0.0111109260642479       0.0041124983324145       1.7174798355962064       1.0457561690098613      4.0000000      0.0000000      0.0000000      0.0000000      0.0000000      0.0000000   10996.8691400000006979  ;
          83  12487.0000000  12494.0000000    1729.9534095745048035    1729.9506318433388969    1729.9603539020733933       0.0027777311659065       0.0069443275685899       0.0045305566731804       1.3181209187183220       0.8102272776821867      4.0000000      0.0000000      0.0000000      0.0000000      0.0000000      0.0000000   10918.2421900000008463  ;
          84  13107.0000000  13116.0000000    1730.8186727337215416    1730.8117284073177871    1730.8242281951252153       0.0069443264037545       0.0055554614036737       0.0045749000840909       1.5313350124860496       0.8710819016529140      4.0000000      0.0000000      0.0000000      0.0000000      0.0000000      0.0000000   10903.4824200000002747  ;
          85  13639.0000000  13642.0000000    1731.5533824400831691    1731.5506047098472209    1731.5547713053174448       0.0027777302359482       0.0013888652342757       0.0053364345772929       0.8949375892677890       0.8355440958529314      4.0000000      0.0000000      0.0000000      0.0000000      0.0000000      0.0000000   11023.9560500000006869  ;
          86  14676.0000000  14684.0000000    1732.9936354887115613    1732.9908577587100353    1733.0019686784878559       0.0027777300015259       0.0083331897762946       0.0038667717405470       1.6826141607851790       0.9681323086306833      4.0000000      0.0000000      0.0000000      0.0000000      0.0000000      0.0000000   10888.0380900000000111  ;
          87  15771.0000000  15776.0000000    1734.5297202005658619    1734.5269424703299137    1734.5338867960347216       0.0027777302359482       0.0041665954688597       0.0045301137178375       1.1028051524839952       0.8659699685720190      4.0000000      0.0000000      0.0000000      0.0000000      0.0000000      0.0000000   11007.0205100000002858  ;
          88  16160.0000000  16165.0000000    1735.0727665234678625    1735.0685999272991467    1735.0755442541692446       0.0041665961687158       0.0027777307013821       0.0034053028522943       0.3534761627943974       0.3175560286224107      4.0000000      0.0000000      0.0000000      0.0000000      0.0000000      0.0000000   11003.2587899999998626  ;
          89  16167.0000000  16171.0000000    1735.0824885812714911    1735.0783219851030026    1735.0838774467395069       0.0041665961684885       0.0013888654680159       0.0029334052146916       0.3409237640243896       0.3564249582229075      4.0000000      0.0000000      0.0000000      0.0000000      0.0000000      0.0000000   11012.2255900000000111  ;
          90  17487.0000000  17493.0000000    1736.9157922267511367    1736.9116256228990096    1736.9199588306030364       0.0041666038521271       0.0041666038518997       0.0078219285300963       1.3062703717005473       0.8612025065557050      4.0000000      0.0000000      0.0000000      0.0000000      0.0000000      0.0000000   11023.9462899999998626  ;
